Time	nIter	Value
0.0	1	0.0
2e-06	1	0.0
4e-06	1	0.0
6e-06	1	0.0
8e-06	1	0.0
1e-05	1	0.0
1.2e-05	1	0.0
1.4e-05	1	0.0
1.6e-05	1	0.0
1.8e-05	1	0.0
2e-05	1	0.0
2.2e-05	1	0.0
2.4e-05	1	0.0
2.6e-05	1	0.0
2.8e-05	1	0.0
3e-05	1	0.0
3.2e-05	1	0.0
3.4e-05	1	0.0
3.6e-05	1	0.0
3.8e-05	1	0.0
4e-05	1	0.0
4.2e-05	3	-5.28463973713e-06
4.4e-05	3	-1.42305258361e-05
4.6e-05	3	-3.24078880438e-05
4.8e-05	3	-5.24534381476e-05
5e-05	3	-7.38623700434e-05
5.2e-05	5	-0.000119147507439
5.4e-05	3	-0.00018062300418
5.6e-05	3	-0.00025033672299
5.8e-05	3	-0.000313522276574
6e-05	3	-0.000379142909884
6.2e-05	3	-0.000444217389016
6.4e-05	3	-0.000512579209779
6.6e-05	3	-0.000578353135951
6.8e-05	2	-0.000642758630468
7e-05	3	-0.000704481416026
7.2e-05	3	-0.000763710935656
7.4e-05	3	-0.000820421050738
7.6e-05	3	-0.000875533049542
7.8e-05	3	-0.000929268274302
8e-05	3	-0.000982218720788
8.2e-05	3	-0.00104392698804
8.4e-05	4	-0.00110523028274
8.6e-05	3	-0.00116739737907
8.8e-05	3	-0.00122932092551
9e-05	3	-0.00129091397978
9.2e-05	3	-0.00135258314794
9.4e-05	2	-0.00141460394374
9.6e-05	2	-0.00147688196673
9.8e-05	2	-0.00153908004784
0.0001	2	-0.0016008913582
0.000102	2	-0.00166238844543
0.000104	2	-0.00172365073222
0.000106	3	-0.00178551775915
0.000108	3	-0.00184786042343
0.00011	2	-0.00191028736054
0.000112	2	-0.00197269181822
0.000114	2	-0.00203519359071
0.000116	3	-0.0020981102337
0.000118	3	-0.00216198156714
0.00012	3	-0.002226963253
0.000122	3	-0.00229277318474
0.000124	3	-0.00235947796519
0.000126	3	-0.00242660882633
0.000128	3	-0.00249481730216
0.00013	3	-0.00256326169099
0.000132	3	-0.00263262352526
0.000134	3	-0.00270236010601
0.000136	4	-0.0027728855071
0.000138	3	-0.00284399299064
0.00014	4	-0.0029158990189
0.000142	3	-0.00298849115803
0.000144	3	-0.00306184891236
0.000146	3	-0.00313557775166
0.000148	4	-0.00321014756828
0.00015	3	-0.00328492566945
0.000152	4	-0.00336069782694
0.000154	3	-0.00343697797257
0.000156	4	-0.00351422851184
0.000158	3	-0.00359221427856
0.00016	3	-0.00367078495625
0.000162	3	-0.00374964587512
0.000164	4	-0.0038291403135
0.000166	3	-0.00390902480896
0.000168	4	-0.00398948266654
0.00017	3	-0.00407068372915
0.000172	4	-0.00415279901872
