TimeIter	Time	FSIError	FSINbIter
0	0.0	1.0	1
1	2e-06	0.0	1
2	4e-06	0.0	1
3	6e-06	0.0	1
4	8e-06	0.0	1
5	1e-05	0.0	1
6	1.2e-05	0.0	1
7	1.4e-05	0.0	1
8	1.6e-05	0.0	1
9	1.8e-05	0.0	1
10	2e-05	0.0	1
11	2.2e-05	0.0	1
12	2.4e-05	0.0	1
13	2.6e-05	0.0	1
14	2.8e-05	0.0	1
15	3e-05	0.0	1
16	3.2e-05	0.0	1
17	3.4e-05	0.0	1
18	3.6e-05	0.0	1
19	3.8e-05	0.0	1
20	4e-05	0.0	1
21	4.2e-05	1.25562587651e-07	3
22	4.4e-05	1.1065458558e-07	3
23	4.6e-05	3.8056643392e-07	3
24	4.8e-05	1.70597275694e-07	3
25	5e-05	2.03868155179e-07	3
26	5.2e-05	1.22939318323e-07	5
27	5.4e-05	1.60264368902e-07	3
28	5.6e-05	4.27906264544e-07	3
29	5.8e-05	9.0531306607e-08	3
30	6e-05	3.47790032372e-07	3
31	6.2e-05	6.93343036232e-07	3
32	6.4e-05	5.24841233249e-07	3
33	6.6e-05	5.98565175924e-07	3
34	6.8e-05	6.5426911533e-07	2
35	7e-05	7.61139322677e-07	3
36	7.2e-05	1.07650423945e-07	3
37	7.4e-05	5.44299908401e-07	3
38	7.6e-05	3.13022079331e-08	3
39	7.8e-05	4.18397605419e-07	3
40	8e-05	2.30177577851e-08	3
41	8.2e-05	1.28020538467e-07	3
42	8.4e-05	2.57228278511e-08	4
43	8.6e-05	7.44289602084e-07	3
44	8.8e-05	2.73444985734e-07	3
45	9e-05	5.30105704537e-07	3
46	9.2e-05	4.90052978448e-08	3
47	9.4e-05	5.85116521228e-07	2
48	9.6e-05	1.35590929555e-07	2
49	9.8e-05	3.51666532502e-08	2
50	0.0001	8.62228734701e-07	2
51	0.000102	2.25981327143e-07	2
52	0.000104	3.49745688317e-07	2
53	0.000106	6.71854113535e-07	3
54	0.000108	9.54088616162e-08	3
55	0.00011	3.16352474604e-07	2
56	0.000112	1.96819255952e-07	2
57	0.000114	4.53329095716e-07	2
58	0.000116	5.69931249537e-07	3
59	0.000118	1.36925984636e-07	3
60	0.00012	6.86301209225e-07	3
61	0.000122	9.95440494094e-08	3
62	0.000124	7.00971020414e-07	3
63	0.000126	8.00591891433e-08	3
64	0.000128	9.32337918769e-07	3
65	0.00013	2.94021275076e-08	3
66	0.000132	9.88665947631e-07	3
67	0.000134	7.95261331318e-08	3
68	0.000136	6.03590630083e-09	4
69	0.000138	1.18376492821e-07	3
70	0.00014	4.07258058213e-09	4
71	0.000142	1.94191390781e-07	3
72	0.000144	9.2664126262e-07	3
73	0.000146	9.89910178912e-08	3
74	0.000148	8.31325197312e-09	4
75	0.00015	1.13653671875e-07	3
76	0.000152	2.10471503072e-08	4
77	0.000154	1.15103759016e-07	3
78	0.000156	1.70117112814e-08	4
79	0.000158	3.51464252476e-07	3
80	0.00016	8.49130646417e-07	3
81	0.000162	1.40596468816e-07	3
82	0.000164	9.02601794513e-09	4
83	0.000166	1.32993610647e-07	3
84	0.000168	4.36887995293e-09	4
85	0.00017	3.18402245236e-07	3
86	0.000172	8.80207408956e-09	4
