100228.936415 
100228.936415 
100228.936415 
100228.936415 
100228.936415 
100228.936415 
100228.936415 
100228.936415 
100228.936415 
100228.936415 
100228.936415 
100228.936415 
100228.936415 
100228.936415 
100228.936415 
100228.936415 
100228.936415 
100228.936415 
100228.936415 
100228.936415 
100228.936415 
100207.330590 
100221.912097 
100180.877348 
100140.108842 
100119.821144 
99983.622924 
99986.042411 
99959.165976 
99919.713575 
99788.095588 
99759.130847 
99818.029764 
99778.916556 
99739.845848 
99706.685489 
99664.964567 
99635.451584 
99600.766961 
99570.969080 
99536.082239 
99347.722704 
99290.792777 
99282.212020 
99254.482830 
99219.772557 
99183.786514 
99166.160331 
99124.921207 
99090.796104 
99030.668025 
99003.520494 
98952.965250 
98901.726942 
98880.235909 
98842.964193 
98794.686775 
98677.775592 
98664.888581 
98511.166999 
98462.782041 
98413.106945 
98334.319563 
98296.300469 
98294.555875 
98336.537941 
98275.642303 
98195.789362 
98119.377649 
98070.946237 
97977.687535 
97907.309362 
97854.584405 
97813.525810 
97697.159824 
97731.497005 
97621.859343 
97657.051099 
97593.636305 
97540.456879 
97485.485982 
97451.023008 
97439.680017 
97460.551926 
97395.988270 
97347.071715 
97072.101843 
