20.045787 
20.045787 
20.045787 
20.045787 
20.045787 
20.045787 
20.045787 
20.045787 
20.045787 
20.045787 
20.045787 
20.045787 
20.045787 
20.045787 
20.045787 
20.045787 
20.045787 
20.045787 
20.045787 
20.045787 
20.045787 
20.133344 
20.160844 
20.195617 
20.195650 
20.195683 
20.338355 
20.371216 
20.371264 
20.371314 
20.440171 
20.440236 
20.465284 
20.465343 
20.465405 
20.465470 
20.465538 
20.465609 
20.465684 
20.465761 
20.465842 
20.520774 
20.520855 
20.520938 
20.521025 
20.521117 
20.521214 
20.542700 
20.542806 
20.542916 
20.543029 
20.543146 
20.543267 
20.547645 
20.551614 
20.551719 
20.551828 
20.562679 
20.573444 
20.573561 
20.573681 
20.573803 
20.573927 
20.574055 
20.582375 
20.589474 
20.600281 
20.610893 
20.610998 
20.611104 
20.611212 
20.611320 
20.611430 
20.611541 
20.622313 
20.645714 
20.645819 
20.658173 
20.658268 
20.658363 
20.658460 
20.658557 
20.669258 
20.679716 
20.679820 
20.679925 
20.680032 
