0.000000 0.000000 0.000000 
0.000000 0.000000 0.000000 
0.000000 0.000000 0.000000 
0.000000 0.000000 0.000000 
0.000000 0.000000 0.000000 
0.000000 0.000000 0.000000 
0.000000 0.000000 0.000000 
0.000000 0.000000 0.000000 
0.000000 0.000000 0.000000 
0.000000 0.000000 0.000000 
0.000000 0.000000 0.000000 
0.000000 0.000000 0.000000 
0.000000 0.000000 0.000000 
0.000000 0.000000 0.000000 
0.000000 0.000000 0.000000 
0.000000 0.000000 0.000000 
0.000000 0.000000 0.000000 
0.000000 0.000000 0.000000 
0.000000 0.000000 0.000000 
0.000000 0.000000 0.000000 
0.000000 0.000000 0.000000 
-0.000000 -0.000005 0.000000 
-0.000000 -0.000014 0.000000 
-0.000000 -0.000032 0.000000 
0.000000 -0.000052 0.000000 
0.000000 -0.000074 0.000000 
0.000000 -0.000119 0.000000 
0.000000 -0.000181 0.000000 
0.000000 -0.000250 0.000000 
-0.000000 -0.000313 0.000000 
-0.000000 -0.000379 0.000000 
-0.000000 -0.000444 0.000000 
-0.000000 -0.000512 0.000000 
-0.000000 -0.000578 0.000000 
-0.000000 -0.000642 0.000000 
-0.000000 -0.000705 0.000000 
-0.000000 -0.000764 0.000000 
0.000000 -0.000821 0.000000 
0.000000 -0.000876 0.000000 
0.000000 -0.000929 0.000000 
0.000000 -0.000982 0.000000 
0.000000 -0.001044 0.000000 
0.000000 -0.001105 0.000000 
0.000000 -0.001167 0.000000 
0.000000 -0.001229 0.000000 
0.000000 -0.001291 0.000000 
0.000000 -0.001353 0.000000 
0.000000 -0.001415 0.000000 
0.000000 -0.001477 0.000000 
0.000000 -0.001539 0.000000 
0.000000 -0.001601 0.000000 
0.000000 -0.001662 0.000000 
-0.000000 -0.001724 0.000000 
-0.000000 -0.001785 0.000000 
-0.000001 -0.001848 0.000000 
-0.000001 -0.001910 0.000000 
-0.000001 -0.001973 0.000000 
-0.000001 -0.002035 0.000000 
-0.000001 -0.002098 0.000000 
-0.000001 -0.002162 0.000000 
-0.000001 -0.002227 0.000000 
-0.000001 -0.002293 0.000000 
-0.000001 -0.002359 0.000000 
-0.000001 -0.002427 0.000000 
-0.000002 -0.002495 0.000000 
-0.000002 -0.002563 0.000000 
-0.000003 -0.002632 0.000000 
-0.000003 -0.002702 0.000000 
-0.000004 -0.002773 0.000000 
-0.000004 -0.002844 0.000000 
-0.000004 -0.002916 0.000000 
-0.000004 -0.002988 0.000000 
-0.000004 -0.003062 0.000000 
-0.000004 -0.003136 0.000000 
-0.000004 -0.003210 0.000000 
-0.000004 -0.003285 0.000000 
-0.000005 -0.003361 0.000000 
-0.000005 -0.003437 0.000000 
-0.000005 -0.003514 0.000000 
-0.000005 -0.003592 0.000000 
-0.000006 -0.003671 0.000000 
-0.000006 -0.003750 0.000000 
-0.000006 -0.003829 0.000000 
-0.000006 -0.003909 0.000000 
-0.000006 -0.003989 0.000000 
-0.000006 -0.004071 0.000000 
-0.000006 -0.004153 0.000000 
