0.0000000000000000e+000
0.0000000000000000e+000
0.0000000000000000e+000
0.0000000000000000e+000
0.0000000000000000e+000
0.0000000000000000e+000
0.0000000000000000e+000
0.0000000000000000e+000
0.0000000000000000e+000
0.0000000000000000e+000
0.0000000000000000e+000
0.0000000000000000e+000
0.0000000000000000e+000
0.0000000000000000e+000
0.0000000000000000e+000
0.0000000000000000e+000
0.0000000000000000e+000
0.0000000000000000e+000
0.0000000000000000e+000
0.0000000000000000e+000
0.0000000000000000e+000
7.6647693292717873e+000
3.1899848886614517e+001
8.7317253137587812e+001
1.1647586747752290e+002
1.3265275570467631e+002
7.6611993328007350e+002
1.1472609726140713e+003
1.1968195688088929e+003
1.2331956665536227e+003
1.3368118631603791e+003
1.3454957811382540e+003
1.3445394013566124e+003
1.3253479573595941e+003
1.3256720120979508e+003
1.6082957898756058e+003
1.6802563625517544e+003
1.9469263273811184e+003
1.9490017402140161e+003
2.0226550108191745e+003
2.0376829939409092e+003
2.1190954074838314e+003
2.1204521186525994e+003
2.1203343779316665e+003
2.1373169289784964e+003
2.1712910263756012e+003
2.2098686948124887e+003
2.2458473486552198e+003
2.2850564812665184e+003
2.3258802066351614e+003
2.7447513869822833e+003
3.1939512958396058e+003
3.1869560257929875e+003
3.1642890834978548e+003
3.1808701257109956e+003
3.2228832279173757e+003
3.2656716627383653e+003
3.3124294954174443e+003
3.3538995345009121e+003
3.3803091129218769e+003
3.4057305568153874e+003
3.4344595267451618e+003
3.5135678340878808e+003
3.6189474382163799e+003
3.6662502386765782e+003
3.6978574692555194e+003
3.7261915468344027e+003
3.7874163598617943e+003
3.8718797467533432e+003
3.9630125167761016e+003
4.0541430370504418e+003
4.1411563888441915e+003
4.2294732368218183e+003
4.3306831025185083e+003
4.4291788716597694e+003
4.5218447730849921e+003
4.6179184040465416e+003
4.7430752797904997e+003
4.8476659808048871e+003
4.9914951956209161e+003
5.1029633034085946e+003
5.2097610896945225e+003
5.3123510576009548e+003
5.4673089557856410e+003
5.5734585619979280e+003
5.7403600707368732e+003
5.8786696420298467e+003
6.0640003649720757e+003
6.2209181295086419e+003
6.3501326184355175e+003
6.4586576144117125e+003
6.6126091243195988e+003
6.7214749081787022e+003
6.8507329198699927e+003
6.9692667247634281e+003
7.1567734102234581e+003
