0.0000000000000000e+000
0.0000000000000000e+000
0.0000000000000000e+000
0.0000000000000000e+000
0.0000000000000000e+000
0.0000000000000000e+000
0.0000000000000000e+000
0.0000000000000000e+000
0.0000000000000000e+000
0.0000000000000000e+000
0.0000000000000000e+000
0.0000000000000000e+000
0.0000000000000000e+000
0.0000000000000000e+000
0.0000000000000000e+000
0.0000000000000000e+000
0.0000000000000000e+000
0.0000000000000000e+000
0.0000000000000000e+000
0.0000000000000000e+000
0.0000000000000000e+000
6.6236710463134985e-001
5.1794733112834406e+000
1.7196115195616990e+001
2.4815731245173765e+001
2.9078708649830510e+001
1.3890233577503957e+002
1.8802310597088996e+002
2.3311953557695747e+002
2.6465067267263032e+002
2.8454582986046728e+002
2.8283110389483596e+002
2.8183283498114980e+002
2.7401128085372522e+002
2.6982683258856247e+002
3.1420156012815829e+002
3.7798174408466105e+002
4.1721563568283852e+002
4.1542551580581085e+002
4.3476930937750700e+002
4.4666640722291299e+002
4.5347527549808126e+002
4.5165065132486859e+002
4.4542110156709936e+002
4.4235524128257725e+002
4.4655235119622677e+002
4.4825077322913472e+002
4.5339453471690382e+002
4.5778192675691793e+002
4.6506256154517911e+002
6.2518776312280590e+002
6.5205689208916328e+002
6.4894122861844289e+002
6.4514865627838117e+002
6.4837829588384875e+002
6.5559797125338503e+002
6.6902733367583801e+002
6.8319765047929138e+002
6.9466142307797952e+002
7.0016688816732699e+002
7.0746206335219597e+002
7.1552676983181323e+002
7.3922433415335968e+002
7.6253562403173498e+002
7.7478449690597677e+002
7.8434060009943857e+002
7.9318188511520566e+002
8.0957273481186894e+002
8.2906334629318417e+002
8.5221038460167949e+002
8.7243351433375744e+002
8.9571565635235265e+002
9.1583441560837412e+002
9.4630483407012525e+002
9.6581794762475442e+002
9.9341363655520217e+002
1.0125777967224238e+003
1.0374496118612121e+003
1.0612776284119325e+003
1.0889550679547940e+003
1.1152638732768751e+003
1.1443062856446822e+003
1.1666993442360297e+003
1.2005017931967984e+003
1.2203428641914186e+003
1.2595632414891145e+003
1.2885579446541487e+003
1.3284712779960414e+003
1.3664891336362166e+003
1.3986852984319366e+003
1.4226104915462611e+003
1.4550223580388381e+003
1.4768288312458126e+003
1.5009272907423363e+003
1.5303761727148901e+003
1.5670648160124510e+003
