0.0000000000000000e+000
0.0000000000000000e+000
0.0000000000000000e+000
0.0000000000000000e+000
0.0000000000000000e+000
0.0000000000000000e+000
0.0000000000000000e+000
0.0000000000000000e+000
0.0000000000000000e+000
0.0000000000000000e+000
0.0000000000000000e+000
0.0000000000000000e+000
0.0000000000000000e+000
0.0000000000000000e+000
0.0000000000000000e+000
0.0000000000000000e+000
0.0000000000000000e+000
0.0000000000000000e+000
0.0000000000000000e+000
0.0000000000000000e+000
0.0000000000000000e+000
0.0000000000000000e+000
0.0000000000000000e+000
0.0000000000000000e+000
0.0000000000000000e+000
0.0000000000000000e+000
3.8546122124669871e+001
3.8546122124669871e+001
3.8546122124669871e+001
3.8546122124669871e+001
4.1135383456680479e+001
4.1868575409124610e+001
4.1896868698214696e+001
4.1896868698214696e+001
4.1896868698214696e+001
4.1896868698214696e+001
4.1896868698214696e+001
4.2196564642929083e+001
4.2244736461255691e+001
4.2393225256414787e+001
4.2459704390172909e+001
4.3267406015168781e+001
4.3287785373797767e+001
4.4085573236294103e+001
4.5375621925349584e+001
4.6126738695630159e+001
4.7682598300909156e+001
4.9276243603862348e+001
5.0338026797086329e+001
5.1497540940873805e+001
5.2926150383024535e+001
5.4420868638316499e+001
5.5789153138809404e+001
5.6305693236875790e+001
5.6333820916460333e+001
5.6691330743011328e+001
5.7727018800373365e+001
5.9751834361914284e+001
6.2025216931285335e+001
6.4401469743621149e+001
6.7238266094750273e+001
7.0210959636709404e+001
7.4467475929324863e+001
7.9483532733100404e+001
8.2666318582038670e+001
8.5717109024323705e+001
8.8474734062619845e+001
9.2647126615288713e+001
9.7109002122350986e+001
1.0191139847984932e+002
1.0683455887211822e+002
1.1199120773115463e+002
1.1745650359449102e+002
1.2213693050600811e+002
1.2788297729226805e+002
1.3282012927820546e+002
1.3844791635238522e+002
1.4513327637921856e+002
1.5061674510771570e+002
1.5755375045977081e+002
1.6298228385176941e+002
1.6847575326600639e+002
1.7426454839227989e+002
1.8070372891758620e+002
1.8672128822811010e+002
1.9279528110790648e+002
1.9880518118945989e+002
2.0648822276564377e+002
2.1252860557992241e+002
2.1864387279732736e+002
2.2437252099365199e+002
2.3095128437322583e+002
2.3641811608107233e+002
2.4311157710131064e+002
2.4821845466383527e+002
2.5558435562030692e+002
