0.000000 
0.000000 
0.000000 
0.000000 
0.000000 
0.000000 
0.000000 
0.000000 
0.000000 
0.000000 
0.000000 
0.000000 
0.000000 
0.000000 
0.000000 
0.000000 
0.000000 
0.000000 
0.000000 
0.000000 
0.000000 
160.324368 
283.426654 
518.690010 
568.256969 
596.284156 
1669.312489 
1916.742531 
2023.278143 
2070.496343 
2599.805262 
2672.140743 
2919.903299 
2983.069380 
3027.260689 
3058.426354 
3095.638232 
3123.119415 
3159.378010 
3192.211473 
3232.129079 
3861.606767 
3929.163228 
3971.775025 
3995.785193 
4021.750667 
4057.033038 
4100.027205 
4141.314266 
4178.289899 
4209.019021 
4245.661553 
4282.736980 
4366.221208 
4438.897622 
4472.318361 
4503.594730 
4540.111102 
4590.513447 
4644.871518 
4701.720118 
4750.674901 
4805.397725 
4853.650197 
4924.717995 
4968.634338 
5033.619965 
5082.904229 
5144.666660 
5202.575699 
5270.530784 
5332.860180 
5400.118097 
5454.687978 
5539.175477 
5593.358962 
5700.588532 
5780.075052 
5882.377799 
5976.089466 
6052.489077 
6113.793520 
6190.764353 
6246.105774 
6302.334969 
6364.608921 
6446.889183 
