Time	nIter	Value
0.0	1	0.0
2e-06	1	0.0
4e-06	1	0.0
6e-06	1	0.0
8e-06	1	0.0
1e-05	1	0.0
1.2e-05	1	0.0
1.4e-05	1	0.0
1.6e-05	1	0.0
1.8e-05	1	0.0
2e-05	1	0.0
2.2e-05	1	0.0
2.4e-05	1	0.0
2.6e-05	1	0.0
2.8e-05	1	0.0
3e-05	1	0.0
3.2e-05	1	0.0
3.4e-05	1	0.0
3.6e-05	1	0.0
3.8e-05	1	0.0
4e-05	1	0.0
4.2e-05	3	1.61772159273
4.4e-05	3	2.94091619377
4.6e-05	3	3.95173069569
4.8e-05	3	-2.24131961079
5e-05	3	0.567570660771
5.2e-05	5	27.9383291106
5.4e-05	3	0.30056788676
5.6e-05	3	0.737752641092
5.8e-05	3	5.98785428795
6e-05	3	9.06014758244
6.2e-05	3	3.32526101971
6.4e-05	3	4.22020829822
6.6e-05	3	3.37701205422
6.8e-05	2	12.0733033954
7e-05	3	10.227437132
7.2e-05	3	9.20515060839
7.4e-05	3	8.30758297553
7.6e-05	3	7.74992303821
7.8e-05	3	7.2850622826
8e-05	3	6.9146332291
8.2e-05	3	13.5167996374
8.4e-05	4	7.30670986657
8.6e-05	3	9.95514423737
8.8e-05	3	9.16885936479
9e-05	3	8.53198706008
9.2e-05	3	7.97253600275
9.4e-05	2	7.67494042127
9.6e-05	2	7.47082832821
9.8e-05	2	7.28784834911
0.0001	2	7.07901914753
0.000102	2	6.91844568674
0.000104	2	6.76247706851
0.000106	3	6.90023966713
0.000108	3	6.93923811545
0.00011	2	6.89125512521
0.000112	2	6.87254742102
0.000114	2	6.80416494175
0.000116	3	6.81887428311
0.000118	3	6.8458877125
0.00012	3	6.8736351073
0.000122	3	6.79652999888
0.000124	3	6.74597659056
0.000126	3	6.63932222999
0.000128	3	6.85767956272
0.00013	3	7.06187958697
0.000132	3	7.68212340539
0.000134	3	8.13778543652
0.000136	4	8.51860552982
0.000138	3	8.48308401494
0.00014	4	8.22446184198
0.000142	3	7.86812904732
0.000144	3	7.79080949201
0.000146	3	7.96040729983
0.000148	4	8.55519829396
0.00015	3	8.88804521167
0.000152	4	9.33415129503
0.000154	3	9.26549299808
0.000156	4	9.25948379749
0.000158	3	9.22617707416
0.00016	3	9.30360866032
0.000162	3	9.45470486269
0.000164	4	9.73296547133
0.000166	3	9.78670659153
0.000168	4	9.80481755218
0.00017	3	9.79371019023
0.000172	4	9.88846536147
