0.000000 
0.000000 
0.000000 
0.000000 
0.000000 
0.000000 
0.000000 
0.000000 
0.000000 
0.000000 
0.000000 
0.000000 
0.000000 
0.000000 
0.000000 
0.000000 
0.000000 
0.000000 
0.000000 
0.000000 
0.000000 
0.000044 
0.000124 
0.000272 
0.000428 
0.000584 
0.000872 
0.001213 
0.001522 
0.001824 
0.002214 
0.002582 
0.003011 
0.003429 
0.003845 
0.004263 
0.004687 
0.005118 
0.005557 
0.006006 
0.006466 
0.007000 
0.007522 
0.008036 
0.008552 
0.009078 
0.009618 
0.010196 
0.010792 
0.011405 
0.012002 
0.012616 
0.013214 
0.013868 
0.014577 
0.015301 
0.016043 
0.016728 
0.017460 
0.018184 
0.018923 
0.019676 
0.020443 
0.021222 
0.022065 
0.022963 
0.023930 
0.024941 
0.025966 
0.027005 
0.028071 
0.029140 
0.030228 
0.031334 
0.032515 
0.033799 
0.035078 
0.036363 
0.037609 
0.038821 
0.040010 
0.041193 
0.042412 
0.043625 
0.044825 
0.046022 
0.047299 
